+0 000 000 000
+0 000 000 001
+0 000 000 000
+0 000 000 000
+0 000 000 000
+0 000 000 000
+0 000 000 000
+0 000 000 000
+0 000 000 000
+0 000 000 000
+0 000 000 000
+0 000 000 000
+0 000 000 000
+0 000 000 000
+0 000 000 000
+0 000 000 000
+0 000 000 000
+0 000 000 000
+0 000 000 000
+0 000 000 000
+0 000 000 000
+0 000 000 000
+0 000 000 000
+0 000 000 000
+9 999 999 999
+8 000 000 004
+8 000 000 003
+5 003 000 006
-6 003 023 019
+1 001 019 019
-5 003 000 008
-6 003 009 005
+1 001 005 005
+7 002 004 001
+0 005 000 006
+0 000 000 005
+6 009 005 003
+1 007 003 007
+7 005 006 011
-2 007 006 008
+0 019 000 020
+0 000 000 019
+6 023 019 003
+1 021 003 021
+7 019 020 017
-2 021 020 022
-8 022 000 000
-8 008 000 000
+9 000 000 000
+9 999 999 999
+0 000 000 010